0
// Index   Type      Movement       Height      Size         Model             Object
//6806     4    	  0        		 1.0        1.00		"FR_6"	          "fenril_red"
  6803  4  0  00.0  0.00               "Helper20"               ""
  6804  4  0  00.0  0.00               "Helper20"               ""
  6805  4  0  00.0  0.00               "Helper20"               ""
  6806  4  0  00.0  0.00               "Helper20"               ""
  6807  4  0  00.0  0.00               "Helper20"               ""
  6808  4  0  00.0  0.00               "Helper20"               ""
  6809  4  0  00.0  0.00               "Helper20"               ""
  6810  4  0  00.0  0.00               "Helper20"               ""
  6811  4  0  00.0  0.00               "Helper20"               ""
  6812  4  0  00.0  0.00               "Helper20"               ""
  6813  4  0  00.0  0.00               "Helper20"               ""
  6814  4  0  00.0  0.00               "Helper20"               ""
  6815  4  0  00.0  0.00               "Helper20"               ""
  6816  4  0  00.0  0.00               "Helper20"               ""
  6817  4  0  00.0  0.00               "Helper20"               ""
  6818  4  0  00.0  0.00               "Helper20"               ""
  6819  4  0  00.0  0.00               "Helper20"               ""
  6820  4  0  00.0  0.00               "Helper20"               ""
  6821  4  0  00.0  0.00               "Helper20"               ""
  6822  4  0  00.0  0.00               "Helper20"               ""
  6823  4  0  00.0  0.00               "Helper20"               ""
  6824  4  0  00.0  0.00               "Helper20"               ""
  6825  4  0  00.0  0.00               "Helper20"               ""
  6826  4  0  00.0  0.00               "Helper20"               ""
  6827  4  0  00.0  0.00               "Helper20"               ""
  6828  4  0  00.0  0.00               "Helper20"               ""
  6829  4  0  00.0  0.00               "Helper20"               ""
  6830  4  0  00.0  0.00               "Helper20"               ""
  6831  4  0  00.0  0.00               "Helper20"               ""
  6832  4  0  00.0  0.00               "Helper20"               ""
  6833  4  0  00.0  0.00               "Helper20"               ""
  6834  4  0  00.0  0.00               "Helper20"               ""
  6835  4  0  00.0  0.00               "Helper20"               ""
  6836  4  0  00.0  0.00               "Helper20"               ""
  6837  4  0  00.0  0.00               "Helper20"               ""
  6838  4  0  00.0  0.00               "Helper20"               ""
  6839  4  0  00.0  0.00               "Helper20"               ""
  6840  4  0  00.0  0.00               "Helper20"               ""
  6841  4  0  00.0  0.00               "Helper20"               ""
  6842  4  0  00.0  0.00               "Helper20"               ""
  6843  4  0  00.0  0.00               "Helper20"               ""
  6844  4  0  00.0  0.00               "Helper20"               ""
  6845  4  0  00.0  0.00               "Helper20"               ""
  6846  4  0  00.0  0.00               "Helper20"               ""
  6847  4  0  00.0  0.00               "Helper20"               ""
  6848  4  0  00.0  0.00               "Helper20"               ""
  6849  4  0  00.0  0.00               "Helper20"               ""
  6850  4  0  00.0  0.00               "Helper20"               ""
  6851  4  0  00.0  0.00               "Helper20"               ""
  6852  4  0  00.0  0.00               "Helper20"               ""
  6853  4  0  00.0  0.00               "Helper20"               ""
  6854  4  0  00.0  0.00               "Helper20"               ""
  6855  4  0  00.0  0.00               "Helper20"               ""
  6856  4  0  00.0  0.00               "Helper20"               ""
  6857  4  0  00.0  0.00               "Helper20"               ""
  6858  4  0  00.0  0.00               "Helper20"               ""
  6859  4  0  00.0  0.00               "Helper20"               ""
  6860  4  0  00.0  0.00               "Helper20"               ""
  6861  4  0  00.0  0.00               "Helper20"               ""
  6862  4  0  00.0  0.00               "Helper20"               ""
  6863  4  0  00.0  0.00               "Helper20"               ""
  6864  4  0  00.0  0.00               "Helper20"               ""
  6865  4  0  00.0  0.00               "Helper20"               ""
  6866  4  0  00.0  0.00               "Helper20"               ""
  6867  4  0  00.0  0.00               "Helper20"               ""
  6868  4  0  00.0  0.00               "Helper20"               ""
  6869  4  0  00.0  0.00               "Helper20"               ""
  6870  4  0  00.0  0.00               "Helper20"               ""
  6871  4  0  00.0  0.00               "Helper20"               ""
  6872  4  0  00.0  0.00               "Helper20"               ""
  6873  4  0  00.0  0.00               "Helper20"               ""
  6874  4  0  00.0  0.00               "Helper20"               ""
  6875  4  0  00.0  0.00               "Helper20"               ""
  6876  4  0  00.0  0.00               "Helper20"               ""
  6877  4  0  00.0  0.00               "Helper20"               ""
  6878  4  0  00.0  0.00               "Helper20"               ""
  6879  4  0  00.0  0.00               "Helper20"               ""
  6880  4  0  00.0  0.00               "Helper20"               ""
  6881  4  0  00.0  0.00               "Helper20"               ""
  6882  4  0  00.0  0.00               "Helper20"               ""
  6883  4  0  00.0  0.00               "Helper20"               ""
  6884  4  0  00.0  0.00               "Helper20"               ""
  6885  4  0  00.0  0.00               "Helper20"               ""
  6886  4  0  00.0  0.00               "Helper20"               ""
  6887  4  0  00.0  0.00               "Helper20"               ""
  6888  4  0  00.0  0.00               "Helper20"               ""
  6889  4  0  00.0  0.00               "Helper20"               ""
  6890  4  0  00.0  0.00               "Helper20"               ""
  6891  4  0  00.0  0.00               "Helper20"               ""
  6892  4  0  00.0  0.00               "Helper20"               ""
  6893  4  0  00.0  0.00               "Helper20"               ""
  6894  4  0  00.0  0.00               "Helper20"               ""
  6895  4  0  00.0  0.00               "Helper20"               ""
  6896  4  0  00.0  0.00               "Helper20"               ""
  6897  4  0  00.0  0.00               "Helper20"               ""
  6898  4  0  00.0  0.00               "Helper20"               ""
  6899  4  0  00.0  0.00               "Helper20"               ""
  6900  4  0  00.0  0.00               "Helper20"               ""
  6901  4  0  00.0  0.00               "Helper20"               ""
  6902  4  0  00.0  0.00               "Helper20"               ""
  6903  4  0  00.0  0.00               "Helper20"               ""
  6904  4  0  00.0  0.00               "Helper20"               ""
  6905  4  0  00.0  0.00               "Helper20"               ""
  6906  4  0  00.0  0.00               "Helper20"               ""
  6907  4  0  00.0  0.00               "Helper20"               ""
  6908  4  0  00.0  0.00               "Helper20"               ""
  6909  4  0  00.0  0.00               "Helper20"               ""
  6910  4  0  00.0  0.00               "Helper20"               ""
  6911  4  0  00.0  0.00               "Helper20"               ""
  6912  4  0  00.0  0.00               "Helper20"               ""
  6913  4  0  00.0  0.00               "Helper20"               ""
  6914  4  0  00.0  0.00               "Helper20"               ""
  6915  4  0  00.0  0.00               "Helper20"               ""
  6916  4  0  00.0  0.00               "Helper20"               ""
  6917  4  0  00.0  0.00               "Helper20"               ""
  6918  4  0  00.0  0.00               "Helper20"               ""
  6919  4  0  00.0  0.00               "Helper20"               ""
  6920  4  0  00.0  0.00               "Helper20"               ""
  6921  4  0  00.0  0.00               "Helper20"               ""
  6922  4  0  00.0  0.00               "Helper20"               ""
  6923  4  0  00.0  0.00               "Helper20"               ""
  6924  4  0  00.0  0.00               "Helper20"               ""
  6925  4  0  00.0  0.00               "Helper20"               ""
  6926  4  0  00.0  0.00               "Helper20"               ""
  6927  4  0  00.0  0.00               "Helper20"               ""
  6928  4  0  00.0  0.00               "Helper20"               ""
  6929  4  0  00.0  0.00               "Helper20"               ""
  6930  4  0  00.0  0.00               "Helper20"               ""
  6931  4  0  00.0  0.00               "Helper20"               ""
  6932  4  0  00.0  0.00               "Helper20"               ""
  6933  4  0  00.0  0.00               "Helper20"               ""
  6934  4  0  00.0  0.00               "Helper20"               ""
  6935  4  0  00.0  0.00               "Helper20"               ""
  6936  4  0  00.0  0.00               "Helper20"               ""
  6937  4  0  00.0  0.00               "Helper20"               ""
  6938  4  0  00.0  0.00               "Helper20"               ""
  6939  4  0  00.0  0.00               "Helper20"               ""
  6940  4  0  00.0  0.00               "Helper20"               ""
  6941  4  0  00.0  0.00               "Helper20"               ""
  6942  4  0  00.0  0.00               "Helper20"               ""
  6943  4  0  00.0  0.00               "Helper20"               ""
  6944  4  0  00.0  0.00               "Helper20"               ""
  6945  4  0  00.0  0.00               "Helper20"               ""
  6946  4  0  00.0  0.00               "Helper20"               ""
  6947  4  0  00.0  0.00               "Helper20"               ""
  6948  4  0  00.0  0.00               "Helper20"               ""
  6949  4  0  00.0  0.00               "Helper20"               ""
  6950  4  0  00.0  0.00               "Helper20"               ""
  6951  4  0  00.0  0.00               "Helper20"               ""
  6952  4  0  00.0  0.00               "Helper20"               ""
  6953  4  0  00.0  0.00               "Helper20"               ""
  6954  4  0  00.0  0.00               "Helper20"               ""
  6955  4  0  00.0  0.00               "Helper20"               ""
  6956  4  0  00.0  0.00               "Helper20"               ""
  6957  4  0  00.0  0.00               "Helper20"               ""
  6958  4  0  00.0  0.00               "Helper20"               ""
  6959  4  0  00.0  0.00               "Helper20"               ""
  6960  4  0  00.0  0.00               "Helper20"               ""
  6961  4  0  00.0  0.00               "Helper20"               ""
  6962  4  0  00.0  0.00               "Helper20"               ""
  6963  4  0  00.0  0.00               "Helper20"               ""
  6964  4  0  00.0  0.00               "Helper20"               ""
  6965  4  0  00.0  0.00               "Helper20"               ""
  6966  4  0  00.0  0.00               "Helper20"               ""
  6967  4  0  00.0  0.00               "Helper20"               ""
  6968  4  0  00.0  0.00               "Helper20"               ""
  6969  4  0  00.0  0.00               "Helper20"               ""
  6970  4  0  00.0  0.00               "Helper20"               ""
  6971  4  0  00.0  0.00               "Helper20"               ""
  6972  4  0  00.0  0.00               "Helper20"               ""
  6973  4  0  00.0  0.00               "Helper20"               ""
  6974  4  0  00.0  0.00               "Helper20"               ""
  6975  4  0  00.0  0.00               "Helper20"               ""
  6976  4  0  00.0  0.00               "Helper20"               ""
  6977  4  0  00.0  0.00               "Helper20"               ""
  6978  4  0  00.0  0.00               "Helper20"               ""
  6979  4  0  00.0  0.00               "Helper20"               ""
  6980  4  0  00.0  0.00               "Helper20"               ""
  6981  4  0  00.0  0.00               "Helper20"               ""
  6982  4  0  00.0  0.00               "Helper20"               ""
  6983  4  0  00.0  0.00               "Helper20"               ""
  6984  4  0  00.0  0.00               "Helper20"               ""
  6985  4  0  00.0  0.00               "Helper20"               ""
  6986  4  0  00.0  0.00               "Helper20"               ""
  6987  4  0  00.0  0.00               "Helper20"               ""
  6988  4  0  00.0  0.00               "Helper20"               ""
  6989  4  0  00.0  0.00               "Helper20"               ""
  6990  4  0  00.0  0.00               "Helper20"               ""
  6991  4  0  00.0  0.00               "Helper20"               ""
  6992  4  0  00.0  0.00               "Helper20"               ""
  6993  4  0  00.0  0.00               "Helper20"               ""
  6994  4  0  00.0  0.00               "Helper20"               ""
  6995  4  0  00.0  0.00               "Helper20"               ""
  6996  4  0  00.0  0.00               "Helper20"               ""
  6997  4  0  00.0  0.00               "Helper20"               ""
  6998  4  0  00.0  0.00               "Helper20"               ""
  6999  4  0  00.0  0.00               "Helper20"               ""
  7000  4  0  00.0  0.00               "Helper20"               ""
  7001  4  0  00.0  0.00               "Helper20"               ""
  7002  4  0  00.0  0.00               "Helper20"               ""
  7003  4  0  00.0  0.00               "Helper20"               ""
  7004  4  0  00.0  0.00               "Helper20"               ""
  7005  4  0  00.0  0.00               "Helper20"               ""
  7006  4  0  00.0  0.00               "Helper20"               ""
  7007  4  0  00.0  0.00               "Helper20"               ""
end
